image: tsmc_b1_map_new.png
resolution: 0.05
origin: [147.5250030517578, 1.8749999761581422, 0.0]
negate: 0
occupied_thresh: 0.65
free_thresh: 0.196
